0 2244 TwitterReadingCNTYJoin POLY_ID
1 10        0.322068468
1 39        0.380260358
1 23        0.497342244
1 21        0.508685882
1 47        0.536878859
1 49         0.65975913
1 4        0.670134272
1 55        0.729573558
1 6        0.783387827
1 62        0.860682375
1 18        0.868216813
1 58        0.906384976
1 40        0.961606405
1 57        0.970349086
1 29         1.01238883
1 51         1.01444468
1 33         1.05051213
1 12         1.07269275
1 16         1.15997242
1 59         1.16105276
1 42         1.18229325
1 46         1.20502738
1 54         1.22540682
1 37         1.28891889
1 17         1.30057721
1 8         1.30688226
1 14         1.30782126
1 52         1.40596405
1 3         1.41557019
1 60         1.42741154
1 5         1.44785939
1 53         1.47836088
1 7         1.48181628
1 24         1.50132331
1 20         1.51032333
1 56         1.55714752
1 13           1.600587
1 19         1.61280174
1 26         1.61521573
1 50         1.62709018
2 241        0.330193231
2 45        0.514486271
2 279         0.60207175
2 24        0.780632076
2 1030        0.903905783
2 61        0.986492766
2 46         1.06345222
2 16         1.11933208
2 268         1.12971375
2 1021         1.14314034
2 1024         1.41673267
2 17         1.42582443
2 1060         1.43534623
2 1071         1.46802656
2 62          1.4806658
2 11         1.56284759
2 6         1.56825412
2 1020         1.67881392
2 42         1.68843963
2 813         1.78126417
2 1023         1.79384804
2 1032          1.8114184
2 18         1.81463702
2 21         1.86177812
2 1051         1.90043898
2 14         1.90785675
2 39         1.90839729
2 252          1.9111415
2 1035         1.91942307
2 28         1.93655828
2 288         2.03584629
2 1036         2.07869224
2 808         2.08611348
2 56         2.08974938
2 228         2.10574553
2 49         2.11636423
2 1018         2.13970612
2 51          2.1532542
2 821          2.1594531
2 29         2.20230571
3 30        0.386023599
3 53        0.467700739
3 312        0.479200416
3 20        0.488981761
3 51        0.551799761
3 390        0.595928492
3 40        0.596959716
3 384        0.647896698
3 31        0.722097986
3 37        0.732571755
3 328         0.73389756
3 14        0.756363031
3 309        0.771503221
3 374        0.822419974
3 303        0.840340018
3 47        0.886753357
3 28        0.893719112
3 18        0.930654406
3 396        0.960735965
3 347        0.992689841
3 368        0.994210882
3 8         1.04477699
3 23         1.04885365
3 58          1.0719854
3 252         1.08656169
3 254         1.08874319
3 392         1.19525071
3 391         1.20817861
3 402          1.2197924
3 326         1.22387936
3 17          1.2268624
3 359         1.24863228
3 323         1.28272883
3 288         1.28804372
3 39         1.28885665
3 6         1.29241977
3 369         1.36108603
3 1         1.41557019
3 394         1.42385991
3 366         1.42490729
4 49        0.397309139
4 10        0.434620883
4 59        0.493457924
4 55        0.536215906
4 29        0.555284837
4 33        0.601379409
4 1        0.670134272
4 21         0.67301307
4 60         0.82266344
4 26        0.947184676
4 39        0.969050345
4 42         1.00183696
4 50         1.00276344
4 62         1.02563541
4 57         1.03351449
4 23         1.05673826
4 54         1.08305358
4 5         1.13015325
4 56         1.14720065
4 19         1.16252684
4 63         1.17685863
4 47          1.2041786
4 34          1.2454174
4 12         1.29446327
4 6         1.32364921
4 58         1.33591462
4 43         1.36874311
4 1041         1.39966976
4 1048         1.44763361
4 46         1.44772724
4 48         1.48030674
4 11         1.50022624
4 18         1.50546612
4 25         1.51231174
4 7         1.51269236
4 1033         1.53424708
4 36          1.5345242
4 40         1.55919615
4 16         1.57489361
4 44         1.59511183
5 19        0.336073934
5 54         0.36629848
5 44          0.4659232
5 25        0.536460555
5 33        0.538721625
5 48        0.552177679
5 57        0.722564143
5 55        0.722594396
5 60        0.751195568
5 7        0.770346357
5 41        0.782439682
5 63        0.823686579
5 32        0.887710619
5 22        0.901088716
5 36          0.9197482
5 38        0.926830458
5 9        0.983179846
5 12         1.00310073
5 13         1.09244151
5 4         1.13015325
5 10         1.14304259
5 1766         1.15986762
5 59         1.18107435
5 26         1.19987734
5 1744         1.26665764
5 52         1.30400252
5 1746         1.30770805
5 1776         1.32035366
5 43         1.32889083
5 27         1.35707147
5 58         1.35779757
5 346         1.36914131
5 321         1.37590808
5 380         1.37944769
5 334         1.38228017
5 35         1.42454563
5 15         1.43160263
5 23         1.44599356
5 1         1.44785939
5 406         1.47430226
6 18        0.367343428
6 39         0.40342664
6 16        0.450124868
6 17        0.553544811
6 47         0.66499501
6 62        0.671108354
6 46        0.708887343
6 21         0.71446468
6 51        0.741092168
6 14        0.775469343
6 1        0.783387827
6 24        0.789871024
6 23        0.997383465
6 28         1.06769316
6 49         1.07796574
6 10         1.09609409
6 20         1.11628478
6 40         1.17338331
6 42          1.2147244
6 252         1.23793239
6 279         1.24090952
6 268         1.28311705
6 3         1.29241977
6 4         1.32364921
6 241         1.37398987
6 29         1.38591849
6 58         1.41821681
6 30         1.45841221
6 31         1.50241318
6 55         1.51196215
6 288         1.52766678
6 61         1.56601516
6 2         1.56825412
6 37          1.5734009
6 53         1.58844253
6 11         1.60528731
6 312         1.70467525
6 57           1.706984
6 12         1.72399668
6 56         1.73466416
7 13        0.322198154
7 25        0.344334338
7 9        0.461563877
7 54        0.491834376
7 12        0.503532063
7 57        0.518316129
7 52        0.602352492
7 346        0.615446386
7 380         0.67826045
7 22        0.688676129
7 44        0.765265412
7 305        0.769791023
7 5        0.770346357
7 334        0.784923123
7 58        0.909474373
7 8        0.960682348
7 377        0.970342924
7 55        0.976609543
7 32         1.00523729
7 327         1.06059699
7 402         1.08667902
7 294         1.09034925
7 33         1.09223312
7 406         1.09792357
7 19         1.10214935
7 321         1.12986294
7 319         1.14196903
7 340         1.19953031
7 23         1.21841093
7 41         1.22790611
7 48         1.23272764
7 315         1.26082344
7 37         1.26133008
7 10         1.28452664
7 306         1.32479476
7 414          1.3442644
7 337         1.35920797
7 1771         1.37312814
7 333         1.37885175
7 347          1.3831663
8 37        0.315312489
8 402        0.382766656
8 52        0.385287984
8 58        0.408745647
8 347        0.515041034
8 12        0.587625088
8 40        0.607878282
8 374        0.654815626
8 53        0.659331052
8 305        0.737786117
8 319        0.766871077
8 13         0.77067716
8 23        0.821054836
8 309        0.829380911
8 392        0.885517602
8 346        0.898291224
8 57        0.903165653
8 7        0.960682348
8 390         1.00438996
8 327         1.00470447
8 379         1.01846901
8 405         1.02079747
8 333         1.02739276
8 368         1.03302311
8 3         1.04477699
8 47         1.07097678
8 380         1.10637781
8 377         1.13457058
8 388         1.16078289
8 313         1.20976382
8 54         1.22201332
8 51         1.24003591
8 356         1.26298637
8 337         1.27402029
8 394         1.27880653
8 9         1.27922092
8 25         1.30079328
8 1         1.30688226
8 315         1.31136949
8 55         1.31596403
9 22        0.347405022
9 334        0.399160123
9 25        0.450421852
9 380        0.450677732
9 7        0.461563877
9 13        0.508544959
9 346        0.547683028
9 406        0.636365497
9 321        0.685853827
9 44        0.728375929
9 32        0.751774461
9 294        0.765773384
9 377        0.779711321
9 305        0.791490074
9 340        0.798292252
9 54        0.846949538
9 306        0.863902563
9 52        0.893952996
9 414        0.895341929
9 12        0.942515714
9 1771        0.953542075
9 327         0.96122568
9 57        0.974367328
9 5        0.983179846
9 373         1.05232174
9 315         1.05344721
9 1744         1.09409756
9 1751         1.09662678
9 41         1.11375775
9 310         1.12945432
9 319         1.17594718
9 337         1.20041132
9 1749         1.21825224
9 1728         1.22902788
9 338         1.25870883
9 19          1.2645599
9 402         1.27915924
9 8         1.27922092
9 48          1.2796093
9 58          1.3277483
10 1        0.322068468
10 55        0.420459795
10 4        0.434620883
10 49        0.612323617
10 23        0.622594603
10 21        0.650121305
10 39        0.696518209
10 33        0.728450192
10 57        0.767446534
10 47        0.809427562
10 29        0.914259058
10 59        0.919277314
10 58        0.921434903
10 12        0.956058485
10 54        0.957254357
10 62         1.04146375
10 6         1.09609409
10 60         1.11697888
10 40         1.12531393
10 5         1.14304259
10 18         1.18764282
10 42         1.22746514
10 7         1.28452664
10 19         1.29269557
10 51         1.30314839
10 8         1.32841565
10 52         1.33634236
10 26         1.34283802
10 25         1.37899513
10 37         1.38551282
10 46         1.43148117
10 50         1.43666427
10 16         1.44490113
10 63         1.45685016
10 13         1.45723974
10 56         1.50209531
10 44         1.57402233
10 48         1.61118233
10 14           1.619407
10 17         1.62157668
11 42        0.525703167
11 1036        0.554477647
11 56        0.575032998
11 1071        0.575036445
11 61        0.614485963
11 1033        0.826439268
11 1021        0.888848284
11 1047        0.936446743
11 62        0.955437405
11 29        0.976831824
11 1032        0.988814448
11 46         1.00363436
11 1046         1.12629792
11 1048         1.13279724
11 49         1.14973672
11 21         1.19663989
11 50         1.27331698
11 1020         1.29593289
11 1073         1.31806482
11 1057         1.33183948
11 1018         1.34607979
11 16         1.40001215
11 24         1.41839703
11 1041         1.46443679
11 59         1.46888775
11 1035         1.48774793
11 1060         1.49741359
11 4         1.50022624
11 1049         1.53446005
11 45          1.5546816
11 2         1.56284759
11 6         1.60528731
11 39         1.61873345
11 1030         1.63245022
11 1013         1.65327406
11 1059         1.65974147
11 1056         1.70029886
11 1         1.70049688
11 241         1.70724353
11 1015         1.71623009
12 57        0.324896688
12 52         0.40224173
12 58        0.411536157
12 7        0.503532063
12 13         0.53030701
12 8        0.587625088
12 54        0.636925811
12 23        0.731757466
12 25        0.795503155
12 55        0.800120142
12 346        0.835254729
12 37        0.837391243
12 305        0.841472003
12 402        0.864920663
12 40        0.898900383
12 9        0.942515714
12 10        0.956058485
12 380        0.994497806
12 5         1.00310073
12 1         1.07269275
12 33          1.0744874
12 347         1.09077288
12 319         1.10045525
12 47         1.10477904
12 327         1.17525483
12 44         1.18505051
12 334         1.18571101
12 377         1.18775236
12 53         1.19085178
12 22         1.19201221
12 374         1.24239225
12 4         1.29446327
12 19         1.32614144
12 39          1.3657077
12 333         1.37387455
12 294         1.40677616
12 309         1.41509958
12 392         1.44457361
12 315         1.44922465
12 51         1.46889326
13 7        0.322198154
13 346        0.330183924
13 52        0.385424978
13 305        0.448517528
13 380        0.465199664
13 9        0.508544959
13 12         0.53030701
13 25        0.635401698
13 334        0.662718482
13 377         0.69635248
13 57        0.710984505
13 327         0.75148899
13 8         0.77067716
13 54        0.797007995
13 402        0.807121028
13 319        0.820848704
13 22        0.835447356
13 58         0.85864873
13 294        0.881672752
13 315         0.97910033
13 44          1.0489015
13 340         1.04901865
13 333         1.05704523
13 337         1.05814143
13 406         1.08322385
13 37         1.08572406
13 5         1.09244151
13 347         1.11922906
13 313         1.16860665
13 321         1.18011211
13 310         1.18775384
13 32          1.2132559
13 55         1.21336054
13 23         1.24871483
13 414          1.2583238
13 379         1.27076241
13 306         1.28664217
13 324         1.29589786
13 40          1.3002323
13 388         1.30201799
14 28        0.341893836
14 20         0.37828675
14 51        0.402544859
14 18        0.462605406
14 17        0.488008522
14 252        0.562314139
14 31        0.729608408
14 30        0.755165636
14 3        0.756363031
14 6        0.775469343
14 47        0.846557603
14 288        0.855264216
14 254        0.982728864
14 39         1.00188881
14 16         1.00584364
14 40         1.02682257
14 312         1.03246197
14 328         1.08749123
14 268          1.0983908
14 53         1.19570588
14 23         1.20480809
14 24         1.20550856
14 228         1.27097101
14 232         1.27230989
14 384         1.28545865
14 1         1.30782126
14 390         1.33660346
14 37         1.35532835
14 303         1.36921397
14 279         1.37968246
14 46         1.38752907
14 62         1.44450382
14 21         1.45012569
14 58         1.47217625
14 323          1.5035287
14 309         1.52786563
14 374          1.5686411
14 396         1.59577118
14 244         1.60223195
14 241         1.61657476
15 35        0.251211216
15 27        0.261676854
15 1065        0.436168127
15 36        0.525159842
15 43        0.569850999
15 1753        0.626299922
15 1765        0.659353306
15 1029        0.697322116
15 63         0.69989737
15 1054        0.719808976
15 1008        0.795987019
15 38        0.830905934
15 1746        0.919218292
15 1780        0.943750062
15 1739        0.952352785
15 34        0.966371505
15 1038        0.966907984
15 26        0.981451376
15 48        0.983583274
15 60         1.03076672
15 1045          1.0532856
15 1732         1.08257149
15 19         1.09632433
15 1064         1.10599632
15 1756         1.11787732
15 1758         1.15162055
15 1773         1.17044435
15 1067         1.21710669
15 41         1.25635802
15 1752         1.29152078
15 1772         1.29306872
15 1766         1.29323687
15 1053         1.32079009
15 1759         1.34068698
15 1770         1.37550269
15 1012         1.38344034
15 1041         1.38355597
15 1730         1.42692087
15 1015         1.43011888
15 5         1.43160263
16 24         0.34658527
16 46        0.397805869
16 6        0.450124868
16 17        0.571803283
16 62        0.642196799
16 18        0.744244942
16 39        0.802649522
16 279        0.851573751
16 21        0.903632198
16 241        0.943469524
16 14         1.00584364
16 268         1.04359804
16 47         1.11506425
16 51         1.11694473
16 2         1.11933208
16 42         1.14144027
16 1         1.15997242
16 28          1.2021072
16 61         1.21437217
16 49         1.24593803
16 252         1.30627897
16 20         1.38265051
16 11         1.40001215
16 23         1.44077031
16 10         1.44490113
16 29         1.47697817
16 45         1.54861544
16 288          1.5603492
16 4         1.57489361
16 40         1.61489877
16 1021         1.65946291
16 3          1.6599445
16 56         1.67384517
16 31         1.71353311
16 1071         1.71517969
16 30         1.75437429
16 228         1.84779563
16 55         1.86490984
16 58         1.86669234
16 254         1.88780606
17 14        0.488008522
17 18        0.502234856
17 6        0.553544811
17 16        0.571803283
17 28        0.631172535
17 24         0.72080293
17 252        0.742056624
17 51        0.753150609
17 268        0.784524459
17 20        0.859955105
17 279         0.92777452
17 39        0.927790803
17 46        0.969405042
17 47         1.00179767
17 288         1.01215262
17 62         1.13274955
17 241         1.14587137
17 31         1.15262693
17 3          1.2268624
17 30         1.23877111
17 21         1.26097927
17 1         1.30057721
17 254         1.31617797
17 228         1.34545873
17 40         1.36723476
17 23         1.38155781
17 2         1.42582443
17 232         1.51070638
17 312         1.51871841
17 328         1.54937454
17 10         1.62157668
17 49         1.62563513
17 53         1.63850973
17 42         1.67008195
17 37         1.74082977
17 58         1.74126993
17 61         1.76382422
17 384         1.77321896
17 390         1.81682539
17 303         1.84782987
18 6        0.367343428
18 51        0.379342357
18 14        0.462605406
18 47        0.500081944
18 17        0.502234856
18 39        0.540742038
18 16        0.744244942
18 20        0.763754721
18 28         0.79391997
18 1        0.868216813
18 23        0.880616216
18 40        0.902150133
18 3        0.930654406
18 21        0.990948288
18 252        0.997556486
18 62         1.02753918
18 24         1.04193428
18 46         1.06416872
18 30         1.09385986
18 31         1.16470356
18 10         1.18764282
18 58          1.2430768
18 53         1.25847017
18 268         1.28455016
18 37         1.29395009
18 288         1.29478418
18 49         1.33580686
18 312         1.33739929
18 279         1.39032334
18 254         1.44288694
18 328         1.46793708
18 8         1.49942419
18 4         1.50546612
18 390         1.51863048
18 384         1.55967206
18 42         1.56359669
18 55         1.57158558
18 241         1.57456949
18 12         1.60291796
18 374         1.63380429
19 48        0.321815459
19 5        0.336073934
19 63        0.506412052
19 60        0.540999621
19 33        0.578382236
19 36        0.590620488
19 44        0.608147791
19 38        0.687588319
19 54        0.692082062
19 41        0.706414256
19 25        0.837249126
19 55        0.892019495
19 26        0.963252686
19 32        0.975060212
19 43          1.0195772
19 27         1.02420444
19 57         1.02843268
19 1766          1.0463093
19 59          1.0686134
19 1746         1.08317633
19 15         1.09632433
19 35         1.10062472
19 7         1.10214935
19 22         1.11281635
19 4         1.16252684
19 1765          1.2069374
19 1776         1.25992056
19 9          1.2645599
19 34         1.27894654
19 1744         1.28363882
19 10         1.29269557
19 12         1.32614144
19 1772         1.34081132
19 13         1.42425077
19 1726         1.44099718
19 50         1.48841764
19 1773         1.49966482
19 1065         1.50065617
19 1029         1.50105923
19 321         1.54273498
20 14         0.37828675
20 30         0.37882024
20 28        0.406708198
20 31        0.415681901
20 3        0.488981761
20 51        0.496102289
20 252        0.599389231
20 312        0.660094086
20 328        0.715746487
20 254        0.749285504
20 18        0.763754721
20 288        0.822979787
20 17        0.859955105
20 384        0.918503664
20 53        0.956682479
20 40        0.957669334
20 47         0.98872854
20 303         0.99098906
20 390         1.01012484
20 232         1.10607169
20 6         1.11628478
20 323         1.17104545
20 37         1.19697849
20 396         1.22376261
20 309         1.23140743
20 228         1.24850186
20 39         1.26580894
20 23         1.28311557
20 374         1.30421472
20 244          1.3120227
20 268         1.35864514
20 16         1.38265051
20 326          1.3983137
20 368         1.42463374
20 369         1.43176994
20 58         1.44268891
20 347         1.48129543
20 341         1.48510896
20 8         1.49863165
20 359         1.50576527
21 49        0.364659836
21 62        0.392535749
21 39        0.487363364
21 1        0.508685882
21 10        0.650121305
21 4         0.67301307
21 29        0.681127421
21 42         0.68756124
21 6         0.71446468
21 46        0.798348301
21 16        0.903632198
21 47        0.904945711
21 18        0.990948288
21 23        0.994807518
21 55         1.03885575
21 59         1.05062783
21 56          1.1240808
21 11         1.19663989
21 24         1.20105142
21 33         1.24620072
21 17         1.26097927
21 51         1.27771657
21 50         1.36996412
21 57         1.41273809
21 58         1.41460018
21 40         1.41504451
21 61          1.4340412
21 14         1.45012569
21 60         1.48971894
21 26         1.53193279
21 1036         1.55810782
21 12         1.56260748
21 1033         1.59346793
21 54         1.59941013
21 1048         1.66024373
21 1071         1.73076439
21 5         1.74048067
21 279         1.74162651
21 20         1.74228855
21 34         1.75871733
22 9        0.347405022
22 32        0.408419201
22 25        0.474370614
22 321        0.495619993
22 44        0.511028557
22 406        0.573819217
22 334        0.621758996
22 7        0.688676129
22 1771        0.693882022
22 1744         0.75253349
22 380         0.76760593
22 306        0.800363374
22 41        0.805380822
22 13        0.835447356
22 346        0.891456022
22 5        0.901088716
22 54        0.902452941
22 414        0.905555295
22 340        0.929431142
22 1749        0.932201823
22 1751        0.963725472
22 294        0.988836737
22 1776        0.994002274
22 1766         1.03891072
22 48         1.04882435
22 1735         1.06580142
22 377         1.08117747
22 373         1.10601138
22 19         1.11281635
22 305         1.13746385
22 57         1.13867951
22 1728         1.17225777
22 12         1.19201221
22 52         1.21596222
22 1796         1.21923447
22 38         1.22825229
22 1726         1.24085025
22 327         1.28409873
22 315         1.33231516
22 310         1.34519016
23 47        0.380912262
23 58        0.440788595
23 1        0.497342244
23 40        0.502759359
23 10        0.622594603
23 39        0.668003727
23 12        0.731757466
23 57        0.783616008
23 37        0.793729428
23 8        0.821054836
23 51        0.821107914
23 55        0.841053753
23 18        0.880616216
23 52        0.980929939
23 21        0.994807518
23 6        0.997383465
23 53         1.01223744
23 3         1.04885365
23 4         1.05673826
23 54         1.13117614
23 49         1.14584266
23 402         1.20297061
23 14         1.20480809
23 33         1.21475787
23 7         1.21841093
23 347         1.24811519
23 13         1.24871483
23 374         1.27502004
23 20         1.28311557
23 62         1.30858839
23 17         1.38155781
23 309         1.38472056
23 30         1.41234408
23 390         1.41250385
23 16         1.44077031
23 5         1.44599356
23 25         1.45312641
23 305         1.45468939
23 29         1.48922366
23 312         1.51909048
24 16         0.34658527
24 46        0.489181139
24 279        0.545427726
24 241        0.599342479
24 17         0.72080293
24 2        0.780632076
24 6        0.789871024
24 62        0.875474871
24 268        0.877781657
24 18         1.04193428
24 61         1.08349709
24 39         1.14874964
24 21         1.20105142
24 14         1.20550856
24 45         1.23572255
24 42         1.28530826
24 28         1.32292533
24 252         1.37187654
24 51         1.39549377
24 11         1.41839703
24 47         1.45156163
24 1021         1.48019375
24 1         1.50132331
24 49         1.51816483
24 20         1.58037511
24 288         1.58250517
24 1030          1.5961999
24 1071         1.61822924
24 29          1.7019958
24 10         1.77774355
24 23         1.78532326
24 56         1.79491378
24 228         1.79919572
24 31         1.85921447
24 4         1.87282876
24 3         1.91830652
24 40         1.93520017
24 30         1.95909345
24 1036         1.97142889
24 254          1.9739742
25 7        0.344334338
25 44        0.421169835
25 54        0.432428944
25 9        0.450421852
25 22        0.474370614
25 5        0.536460555
25 13        0.635401698
25 57        0.677976516
25 32        0.695771018
25 12        0.795503155
25 19        0.837249126
25 380         0.84782756
25 334        0.849001699
25 346        0.861189896
25 41        0.883673691
25 48        0.914285838
25 52        0.946685295
25 321        0.967574352
25 33        0.991721671
25 55         1.00080549
25 406          1.0075519
25 305         1.06116468
25 1744         1.11118928
25 1771         1.15999343
25 377         1.17430757
25 58         1.20643003
25 294         1.20974322
25 38         1.21691085
25 1766         1.22742822
25 306         1.24130808
25 340         1.24634689
25 1776         1.28098684
25 60         1.28547392
25 8         1.30079328
25 414          1.3106751
25 327         1.31284668
25 63         1.34289574
25 36         1.36239429
25 1749         1.37893737
25 10         1.37899513
26 34        0.362714686
26 43        0.440996675
26 60         0.44910029
26 59        0.481719275
26 50        0.562352935
26 63        0.562622181
26 27        0.728048835
26 1041        0.746934768
26 1045        0.761055628
26 1029        0.836471871
26 33        0.858735883
26 36        0.907891593
26 4        0.947184676
26 19        0.963252686
26 29         0.96481842
26 15        0.981451376
26 1048         1.03144468
26 1015         1.04478707
26 1038         1.09995469
26 1065         1.13547947
26 48          1.1493615
26 49         1.17045712
26 55         1.17102084
26 1049         1.17829572
26 35         1.18332602
26 1054         1.18956767
26 5         1.19987734
26 56         1.22019755
26 1012         1.22535116
26 1033         1.32234335
26 38           1.326431
26 10         1.34283802
26 1053         1.39302368
26 54         1.42414689
26 1008         1.43267507
26 1073         1.44183354
26 42         1.47447023
26 1067         1.48053218
26 21         1.53193279
26 1765         1.53493977
27 15        0.261676854
27 43        0.308178638
27 1065        0.495675847
27 35        0.497345025
27 36        0.538780366
27 1029        0.542145089
27 63        0.553668641
27 1054         0.69895504
27 34         0.70914491
27 26        0.728048835
27 1753        0.830125223
27 60        0.840293202
27 1045        0.840913732
27 1038        0.850237639
27 1008        0.857428383
27 1765        0.895832821
27 38        0.937867321
27 48         0.99097261
27 19         1.02420444
27 1746         1.11037386
27 1064         1.11406758
27 1041          1.1392179
27 1067         1.16105095
27 50         1.18628954
27 1739         1.19122104
27 59         1.19539967
27 1780         1.20108034
27 1053         1.21301422
27 1012         1.22070377
27 1015         1.22357758
27 1732         1.24525326
27 33         1.29801029
27 1756         1.32909805
27 41         1.33296231
27 5         1.35707147
27 1752             1.3807
27 1773         1.40331701
27 1758         1.41111211
27 1766         1.43636408
27 1049         1.45116363
28 252        0.228443916
28 14        0.341893836
28 20        0.406708198
28 288         0.51455373
28 31        0.539605457
28 17        0.631172535
28 254        0.691746797
28 51        0.714678153
28 30        0.730248078
28 18         0.79391997
28 3        0.893719112
28 228         0.93541649
28 232        0.941550677
28 268        0.962662561
28 328        0.962714361
28 312         1.00985328
28 6         1.06769316
28 47         1.18409238
28 16          1.2021072
28 384         1.27380678
28 323         1.27845998
28 303         1.28947526
28 40         1.29926576
28 24         1.32292533
28 244         1.32944712
28 39         1.33450563
28 279          1.3595487
28 53         1.36085011
28 390          1.4054185
28 23         1.53332875
28 396         1.55909421
28 37         1.58190351
28 46         1.59891713
28 341         1.61966306
28 241         1.62076934
28 309          1.6352085
28 1         1.64900234
28 369         1.64992666
28 243          1.6632902
28 326         1.68075188
29 49        0.357142085
29 59        0.537068509
29 42        0.539445536
29 4        0.555284837
29 56        0.594987889
29 21        0.681127421
29 50        0.692661286
29 62        0.837336782
29 10        0.914259058
29 26         0.96481842
29 11        0.976831824
29 1048         1.00280566
29 1033         1.01208973
29 1         1.01238883
29 33         1.07862274
29 1041         1.08047083
29 55         1.09064139
29 60         1.09230117
29 1036         1.09384326
29 34         1.11901811
29 39         1.15238384
29 46         1.22067785
29 6         1.38591849
29 43         1.39789669
29 63         1.40989924
29 1045         1.41447194
29 1049         1.41478345
29 1073         1.44260715
29 1015         1.45797469
29 61         1.47347171
29 16         1.47697817
29 1046         1.48849529
29 23         1.48922366
29 47         1.52140778
29 1047         1.53315485
29 1071         1.54805951
29 19         1.56682553
29 57         1.58812942
29 5         1.61590545
29 54         1.62350612
30 312        0.284015968
30 31        0.366600654
30 20         0.37882024
30 3        0.386023599
30 328        0.388427904
30 384         0.54668352
30 303        0.616710197
30 390        0.695012874
30 254        0.719685678
30 28        0.730248078
30 14        0.755165636
30 51        0.756354682
30 53        0.775783973
30 396        0.846113499
30 252        0.863952491
30 323        0.918478772
30 309        0.948215616
30 40        0.981257834
30 288        0.998518408
30 326          1.0251451
30 374         1.05982886
30 369         1.08638975
30 37         1.09249253
30 18         1.09385986
30 368         1.10327032
30 232          1.1094715
30 244         1.12637735
30 359         1.12701475
30 391         1.16899607
30 341         1.19315814
30 47         1.19646726
30 17         1.23877111
30 347         1.26590074
30 392         1.38043294
30 228         1.38652958
30 417         1.39097236
30 8         1.40778786
30 23         1.41234408
30 259         1.43002185
30 366          1.4390833
31 30        0.366600654
31 254        0.368197755
31 20        0.415681901
31 328        0.433478236
31 28        0.539605457
31 312         0.57252198
31 252         0.58582156
31 288        0.652705195
31 3        0.722097986
31 14        0.729608408
31 232        0.754517067
31 323        0.773957863
31 303        0.775041415
31 384        0.819830061
31 244        0.896569834
31 51        0.910442867
31 228         1.02326057
31 390         1.03671946
31 396         1.06690023
31 341         1.10386724
31 369         1.11065805
31 53          1.1412648
31 326         1.15072906
31 17         1.15262693
31 18         1.16470356
31 259         1.23830374
31 40         1.29304896
31 309         1.30030086
31 359         1.31687125
31 287         1.33313614
31 47         1.39921996
31 397         1.41317661
31 391          1.4172077
31 374         1.42186054
31 368          1.4302502
31 268         1.44192567
31 37         1.44895127
31 243         1.45217967
31 6         1.50241318
31 417          1.5053083
32 22        0.408419201
32 1744        0.417478422
32 44        0.422734236
32 41         0.44749298
32 1776        0.603638755
32 321        0.610209448
32 1771        0.620631527
32 1766        0.630875606
32 25        0.695771018
32 9        0.751774461
32 1735        0.753516099
32 1749        0.753992731
32 48        0.801566054
32 406        0.802448944
32 1726         0.85367493
32 38        0.880907479
32 5        0.887710619
32 19        0.975060212
32 306        0.979496849
32 1772        0.986084376
32 1796        0.995600123
32 7         1.00523729
32 334         1.00784441
32 1751         1.03804133
32 1746         1.04076312
32 54         1.04361682
32 1729         1.07184302
32 414         1.13827324
32 1785         1.14865018
32 380         1.17444214
32 13          1.2132559
32 36         1.22674368
32 340         1.24987086
32 346         1.29862231
32 1728         1.31169219
32 1773         1.31187394
32 373         1.35629833
32 294         1.35822341
32 57         1.35900022
32 1765          1.3782985
33 55        0.373812511
33 60        0.471902715
33 5        0.538721625
33 19        0.578382236
33 4        0.601379409
33 54        0.603729566
33 59        0.682029521
33 10        0.728450192
33 57        0.751078053
33 63        0.762654943
33 26        0.858735883
33 48         0.90019558
33 25        0.991721671
33 49        0.998460998
33 44         1.00414527
33 1         1.05051213
33 36         1.05276982
33 12          1.0744874
33 29         1.07862274
33 7         1.09223312
33 43         1.14906791
33 23         1.21475787
33 34         1.22129402
33 50         1.22312148
33 21         1.24620072
33 41         1.25739363
33 38         1.25863031
33 27         1.29801029
33 58         1.29866004
33 13          1.3829617
33 22         1.41883922
33 39         1.42109259
33 32         1.42450594
33 9         1.43441687
33 52         1.46084046
33 15         1.46252579
33 47         1.50139939
33 35         1.54578889
33 1041         1.54895925
33 42         1.58269823
34 26        0.362714686
34 1045        0.399850888
34 43        0.414351254
34 1041        0.462393221
34 50        0.498366076
34 1029        0.566303393
34 1015        0.695734483
34 27         0.70914491
34 59        0.752857121
34 1038        0.775411112
34 60        0.799938448
34 63        0.812379383
34 1048        0.819319404
34 1049        0.858856684
34 1012        0.862638867
34 1054        0.939756098
34 15        0.966371505
34 1065        0.971739563
34 1053         1.04100751
34 36         1.08133412
34 29         1.11901811
34 1067         1.15258608
34 1033         1.16022698
34 1073         1.16450298
34 56         1.19254274
34 1072          1.1994914
34 1008         1.20294867
34 35         1.20639289
34 33         1.22129402
34 1013         1.22980875
34 4          1.2454174
34 1010         1.24947986
34 19         1.27894654
34 1064         1.27979411
34 49         1.39480901
34 48         1.41494829
34 1753         1.42214983
34 1046         1.44701042
34 1036         1.48676227
34 1034         1.50338818
35 15        0.251211216
35 1765        0.408292613
35 27        0.497345025
35 36         0.51178647
35 1065        0.606666986
35 1753        0.607672785
35 38        0.679260502
35 1746        0.688731141
35 1780        0.768820423
35 43        0.799600977
35 63        0.802974567
35 1739        0.835791895
35 1054        0.910830639
35 48        0.918248886
35 1773        0.919363664
35 1758        0.919736719
35 1008        0.926089496
35 1029        0.941266029
35 1756         1.05104908
35 1772         1.05495153
35 1732         1.09019257
35 1766         1.09196785
35 19         1.10062472
35 41         1.11287663
35 1759         1.14569912
35 60           1.154774
35 26         1.18332602
35 1038         1.19446678
35 34         1.20639289
35 1799         1.24733093
35 1064         1.26151232
35 1045         1.30420692
35 1740         1.31178716
35 1730          1.3347921
35 1726         1.34321246
35 1776         1.35107297
35 1752         1.37303411
35 1770         1.37886142
35 1067          1.4106424
35 5         1.42454563
36 63         0.37800228
36 38        0.437831624
36 48        0.463249443
36 35         0.51178647
36 15        0.525159842
36 27        0.538780366
36 19        0.590620488
36 43         0.69313474
36 1765        0.700384472
36 60        0.718787451
36 1746        0.734127293
36 41        0.798150077
36 26        0.907891593
36 5          0.9197482
36 1766        0.950795381
36 1065         0.95360517
36 44         1.01631782
36 33         1.05276982
36 1029         1.07776004
36 34         1.08133412
36 1772         1.09301907
36 1753         1.10486704
36 1773         1.11966435
36 1054         1.21285222
36 1776         1.21998487
36 32         1.22674368
36 1780         1.24739485
36 59         1.25089631
36 54         1.28178516
36 1758          1.2914594
36 1726         1.30762179
36 1008         1.31893999
36 1045         1.32816951
36 1739         1.34348282
36 25         1.36239429
36 1744         1.37342701
36 1038         1.38887176
36 55         1.41595697
36 1799         1.43242981
36 50         1.46457718
37 8        0.315312489
37 53         0.35621685
37 40        0.400018434
37 347        0.466518416
37 374        0.486980555
37 58        0.513468938
37 402        0.542151178
37 309        0.622573435
37 52        0.700305153
37 3        0.732571755
37 390        0.737498195
37 23        0.793729428
37 392        0.828276626
37 12        0.837391243
37 368        0.866974548
37 47        0.933486526
37 319        0.957325668
37 51        0.990364316
37 405         1.01877377
37 305         1.01957667
37 384         1.03183439
37 312         1.04448429
37 379         1.08382513
37 13         1.08572406
37 30         1.09249253
37 57         1.12406428
37 333         1.18411829
37 20         1.19697849
37 394         1.19744101
37 346          1.2017456
37 396         1.23414833
37 327         1.24747075
37 388         1.25806424
37 7         1.26133008
37 391          1.2871265
37 1         1.28891889
37 18         1.29395009
37 303          1.2972315
37 356         1.30551409
37 14         1.35532835
38 48        0.379045416
38 1746        0.395707394
38 41        0.433708831
38 36        0.437831624
38 1766        0.513003068
38 1765        0.580859379
38 35        0.679260502
38 19        0.687588319
38 1772        0.693389835
38 63        0.768531061
38 1776        0.782779551
38 44        0.807201242
38 1773        0.812510084
38 15        0.830905934
38 1726        0.876471806
38 32        0.880907479
38 5        0.926830458
38 27        0.937867321
38 1744        0.953706289
38 60         1.05514235
38 1799         1.08684624
38 1758         1.10831648
38 43         1.12875712
38 1735          1.1335668
38 1785         1.17693012
38 1780         1.20969488
38 25         1.21691085
38 22         1.22825229
38 33         1.25863031
38 1065         1.25989442
38 1753         1.26434561
38 54          1.2814869
38 26           1.326431
38 1729         1.35752362
38 1738         1.37349058
38 1739          1.3783554
38 1749         1.38525074
38 1740         1.39180106
38 1771         1.39634001
38 1759         1.46475416
39 1        0.380260358
39 6         0.40342664
39 47        0.447266723
39 21        0.487363364
39 18        0.540742038
39 23        0.668003727
39 62        0.678619096
39 10        0.696518209
39 51        0.791928521
39 16        0.802649522
39 49        0.805554062
39 46        0.923473352
39 17        0.927790803
39 4        0.969050345
39 40        0.984989892
39 14         1.00188881
39 58         1.10803179
39 55          1.1095889
39 42         1.14317867
39 24         1.14874964
39 29         1.15238384
39 20         1.26580894
39 3         1.28885665
39 57         1.31754059
39 28         1.33450563
39 12          1.3657077
39 37         1.36948019
39 33         1.42109259
39 59         1.43292904
39 8         1.46958906
39 53         1.47119546
39 252         1.53448183
39 30         1.54731219
39 54         1.59652423
39 56         1.60896442
39 11         1.61873345
39 279         1.63332715
39 52         1.64802502
39 31          1.6789807
39 268         1.68273791
40 37        0.400018434
40 58        0.487804397
40 23        0.502759359
40 53         0.51695407
40 47        0.541029074
40 3        0.596959716
40 8        0.607878282
40 51        0.634212334
40 374         0.82491983
40 347        0.858431105
40 12        0.898900383
40 18        0.902150133
40 309        0.906362525
40 390        0.911000348
40 402        0.927698214
40 52        0.937348799
40 20        0.957669334
40 1        0.961606405
40 30        0.981257834
40 39        0.984989892
40 14         1.02682257
40 312         1.04137537
