0 862 TwitterReading3ZIPJoin POLY_ID
1 2        0.165936886
1 4        0.337556803
1 45         0.50495113
1 46        0.523300246
1 3         0.61834956
1 47        0.658466308
1 40        0.709629628
1 6        0.743222084
1 7        0.754076124
1 25        0.767565996
1 5        0.850622572
1 52        0.862416432
1 39        0.935999956
1 49        0.950835808
1 50        0.963939863
1 38         1.02802662
1 48         1.05158322
1 8         1.14772512
1 51         1.19316829
1 20         1.26042512
1 21         1.27107961
1 97         1.27829974
1 94         1.34071345
1 22         1.35243013
1 19         1.36449197
1 15          1.3706413
1 101         1.40584273
1 100         1.40601251
1 95         1.43088105
1 53         1.43160187
1 96         1.43248113
1 9         1.43522242
1 24         1.44273113
1 98         1.48205017
1 43         1.50194047
1 54         1.51712926
1 27         1.52358859
1 13         1.52977856
1 12         1.55870734
1 11         1.59733909
2 1        0.165936886
2 46         0.38573657
2 45        0.390976119
2 4        0.486953308
2 47        0.519398425
2 6        0.702240005
2 3        0.713220503
2 7        0.723599444
2 52         0.80913084
2 49         0.81293525
2 50        0.842953246
2 40        0.875276353
2 5        0.879915288
2 25        0.882515741
2 48         0.89015111
2 51         1.09351853
2 39         1.09612137
2 8         1.11848911
2 20         1.16299398
2 94         1.18158963
2 38          1.1885138
2 19          1.2517399
2 21         1.31587291
2 15         1.33960256
2 53         1.34410607
2 97         1.38701823
2 101         1.40003338
2 22         1.40416285
2 100         1.40970583
2 54         1.43260749
2 9         1.43613821
2 13         1.49514488
2 24         1.52195393
2 12          1.5225541
2 95         1.53262413
2 92         1.53465108
2 96         1.53600503
2 11         1.54743503
2 80         1.59196737
2 98         1.59559438
3 1         0.61834956
3 39        0.660355711
3 97        0.675850096
3 52        0.693953625
3 2        0.713220503
3 40        0.717532951
3 4          0.7177959
3 45        0.723261132
3 46        0.811809967
3 95        0.819414738
3 96        0.822838781
3 98         0.88697349
3 100        0.931092638
3 101        0.959296845
3 50         1.04197376
3 38         1.07467717
3 99         1.09702678
3 49         1.11482411
3 51         1.12952011
3 25         1.14993318
3 103         1.18956077
3 47           1.226368
3 53          1.2809949
3 43         1.33224675
3 54         1.34428624
3 6         1.35813305
3 7          1.3650789
3 80         1.39796584
3 5         1.40829916
3 84         1.42761123
3 81          1.4388661
3 48         1.53054285
3 82         1.55918192
3 83         1.56888992
3 94         1.60075616
3 92         1.61165595
3 93         1.62443056
3 61         1.63684919
3 79         1.64409267
3 85         1.68933071
4 1        0.337556803
4 40        0.439322883
4 25        0.461962389
4 2        0.486953308
4 5        0.706607256
4 38        0.708556307
4 3          0.7177959
4 7        0.744942158
4 39         0.75243179
4 6        0.756624963
4 45        0.840565929
4 46        0.860603185
4 47        0.876368688
4 21          1.0673671
4 8         1.09685843
4 22         1.13298821
4 52         1.15631628
4 24         1.17397129
4 27         1.18801623
4 43         1.22239836
4 97         1.28287197
4 49          1.2883841
4 50         1.29886225
4 9         1.30891716
4 15         1.31128838
4 48         1.31655182
4 20         1.34779578
4 23         1.43860606
4 96         1.44469498
4 95         1.44787124
4 98         1.46465103
4 13         1.47132338
4 103         1.47374407
4 19         1.48298627
4 12         1.50234566
4 51         1.51712791
4 11         1.56826008
4 100         1.61693062
4 101         1.63047419
4 94         1.66787118
5 7        0.314794865
5 6        0.364469247
5 8        0.440686741
5 21        0.441263679
5 25        0.490707331
5 22        0.536486998
5 9        0.603147947
5 15        0.629548098
5 4        0.706607256
5 24        0.716183445
5 13        0.784391935
5 12        0.815991939
5 47        0.835626322
5 1        0.850622572
5 20        0.874050599
5 2        0.879915288
5 11        0.901988743
5 10        0.995576238
5 23         1.01833754
5 40         1.02436731
5 19         1.04739253
5 28         1.06992184
5 38         1.07986759
5 27         1.15111925
5 14         1.15157659
5 29         1.21548787
5 46         1.21872463
5 45         1.25519706
5 48         1.26222576
5 18         1.29249316
5 39         1.38743665
5 3         1.40829916
5 16         1.56472334
5 49         1.60296112
5 43          1.6497704
5 50         1.67337114
5 52         1.68870915
5 17         1.81237275
5 94         1.81838815
5 31         1.90336468
6 7       0.0500572664
6 5        0.364469247
6 8        0.417211262
6 47        0.491804473
6 20        0.603365176
6 15        0.637420033
6 2        0.702240005
6 1        0.743222084
6 4        0.756624963
6 25        0.757164382
6 19         0.75716531
6 21         0.76015201
6 9        0.760741346
6 13        0.793164954
6 12        0.820911498
6 11        0.854128519
6 22        0.862469113
6 48        0.899678508
6 46        0.966191761
6 45         1.02383932
6 14         1.04036525
6 24         1.07287916
6 18          1.0928989
6 10         1.09689964
6 40         1.16679799
6 49         1.30740965
6 38         1.31737808
6 3         1.35813305
6 28         1.36126114
6 23         1.37350846
6 50         1.39657202
6 16         1.40514091
6 29         1.46059427
6 94         1.47332216
6 52         1.48603352
6 27         1.49645858
6 39         1.50584117
6 51         1.68591578
6 17         1.70760498
6 43         1.88520992
7 6       0.0500572664
7 5        0.314794865
7 8        0.395909305
7 47        0.539402461
7 15        0.618351658
7 20        0.630466765
7 21        0.711869663
7 25        0.719020416
7 2        0.723599444
7 9        0.725932605
7 4        0.744942158
7 1        0.754076124
7 13        0.776397098
7 19         0.78930202
7 12        0.804994048
7 22        0.813969348
7 11        0.845934249
7 48        0.949734681
7 46         1.00105411
7 24         1.02289704
7 14         1.04315871
7 45         1.05572276
7 10         1.07111045
7 18         1.11015369
7 40         1.14657769
7 38          1.2854979
7 28         1.31623782
7 23         1.32361479
7 49         1.34935634
7 3          1.3650789
7 16         1.41712657
7 29         1.42019643
7 50         1.43600867
7 27         1.45046187
7 39         1.49023098
7 52         1.51509698
7 94         1.52186732
7 17         1.71211992
7 51         1.72388611
7 43         1.85479374
8 15        0.222918389
8 9        0.382153006
8 13        0.382559174
8 7        0.395909305
8 12         0.41214417
8 6        0.417211262
8 5        0.440686741
8 11        0.472204726
8 20        0.529036377
8 21        0.564106494
8 22        0.658809866
8 10        0.681166458
8 19        0.706330083
8 14        0.711234949
8 47        0.846939058
8 18        0.865886741
8 24        0.926634702
8 25        0.930327348
8 28         1.05385683
8 4         1.09685843
8 29         1.10112793
8 2         1.11848911
8 16         1.12531524
8 1         1.14772512
8 48         1.15944406
8 23         1.19928632
8 46         1.37376874
8 17         1.37500473
8 45         1.43640037
8 40          1.4551401
8 27         1.51464548
8 38         1.51924468
8 49         1.68720768
8 3         1.75318761
8 94          1.7827894
8 50         1.78802626
8 31         1.79188041
8 39         1.81434888
8 30         1.86631451
8 52         1.90123082
9 15        0.281534487
9 13        0.326531126
9 12        0.350285162
9 8        0.382153006
9 21        0.390747786
9 10        0.397115053
9 22        0.440203508
9 11        0.485078396
9 5        0.603147947
9 28        0.689117264
9 24        0.712278554
9 29        0.718977533
9 7        0.725932605
9 6        0.760741346
9 14        0.765930089
9 20         0.85104974
9 23         0.93002633
9 25         1.01260684
9 19         1.01501097
9 18         1.02652114
9 16         1.19562151
9 47         1.22274317
9 4         1.30891716
9 17         1.34779201
9 27         1.39433038
9 31         1.41086181
9 1         1.43522242
9 2         1.43613821
9 30         1.48502503
9 48         1.53940629
9 38          1.5684089
9 40         1.59253796
9 46         1.72657787
9 45         1.78138405
9 32         1.91139042
9 39         1.95765777
9 26         1.96208116
9 3         2.01009822
9 49         2.05944862
9 35         2.08648817
10 12        0.339235163
10 13        0.351258752
10 9        0.397115053
10 11        0.429005003
10 15        0.472828646
10 29        0.609039291
10 14        0.626522056
10 8        0.681166458
10 28        0.731488471
10 21        0.750128681
10 22        0.764746526
10 18        0.944019007
10 20         0.98238928
10 5        0.995576238
10 24        0.998700174
10 16        0.998984351
10 17          1.0520612
10 7         1.07111045
10 6         1.09689964
10 19         1.10719499
10 23         1.13557835
10 31          1.2150233
10 30         1.29097472
10 25         1.40652134
10 47         1.51134975
10 4         1.70217409
10 27         1.70677227
10 48         1.75324225
10 2          1.7941923
10 1         1.80905559
10 35         1.82393852
10 32         1.85347725
10 38         1.95083357
10 40         1.98879028
10 33         2.01670255
10 46         2.05371816
10 26          2.1151489
10 45         2.11748265
10 36         2.33528501
10 49         2.35132784
11 12        0.137275387
11 13        0.158548103
11 15        0.276823328
11 14        0.282096727
11 10        0.429005003
11 8        0.472204726
11 9        0.485078396
11 18        0.554472736
11 20        0.571177368
11 19        0.681391569
11 16        0.714302738
11 7        0.845934249
11 6        0.854128519
11 21        0.860572635
11 5        0.901988743
11 17        0.912930788
11 22        0.922419978
11 29         1.02337067
11 28         1.09465735
11 47         1.17959811
11 24         1.19692499
11 48         1.35816117
11 25         1.38229564
11 23         1.40850602
11 2         1.54743503
11 4         1.56826008
11 1         1.59733909
11 31         1.64344379
11 30         1.71934122
11 46           1.750055
11 45          1.8249411
11 27         1.86829751
11 40         1.92424917
11 38         1.96631146
11 94         1.99529559
11 49         2.00279138
11 50         2.12136139
11 3         2.21088592
11 35         2.23461953
11 32            2.26919
12 13       0.0316295135
12 11        0.137275387
12 15        0.191286487
12 10        0.339235163
12 9        0.350285162
12 8         0.41214417
12 14        0.415769099
12 20        0.643930289
12 18        0.690406894
12 21        0.732005434
12 19        0.775590772
12 22        0.789618291
12 7        0.804994048
12 5        0.815991939
12 6        0.820911498
12 16        0.845607518
12 29        0.907476262
12 28        0.963615138
12 17         1.01958986
12 24         1.06255556
12 47         1.19383857
12 23         1.27128853
12 25         1.28455477
12 48         1.41523737
12 4         1.50234566
12 2          1.5225541
12 31         1.54828983
12 1         1.55870734
12 30          1.6242914
12 27         1.73979489
12 46         1.75183128
12 45         1.82159646
12 40          1.8401401
12 38         1.86302305
12 49         2.02903713
12 94         2.05347391
12 50         2.14164402
12 32         2.15003696
12 35         2.16277914
12 3         2.16533161
13 12       0.0316295135
13 11        0.158548103
13 15        0.160738935
13 9        0.326531126
13 10        0.351258752
13 8        0.382559174
13 14        0.439904115
13 20        0.636422175
13 21        0.704826622
13 18        0.706926477
13 22        0.764447753
13 19        0.773306343
13 7        0.776397098
13 5        0.784391935
13 6        0.793164954
13 16        0.871107326
13 29        0.906432777
13 28        0.953764645
13 24         1.03849016
13 17         1.05004072
13 47         1.17241065
13 23         1.25149325
13 25         1.25308765
13 48         1.40199846
13 4         1.47132338
13 2         1.49514488
13 1         1.52977856
13 31          1.5542958
13 30         1.63027139
13 27         1.71278189
13 46         1.72791597
13 45         1.79688565
13 40          1.8085207
13 38         1.83187043
13 49         2.00905884
13 94         2.03999337
13 50         2.12055549
13 3         2.13561306
13 32         2.14647768
13 39         2.17182844
14 11        0.282096727
14 18        0.321619141
14 12        0.415769099
14 16        0.432640869
14 13        0.439904115
14 15         0.54751401
14 20        0.590049728
14 19        0.626236202
14 10        0.626522056
14 17        0.669800228
14 8        0.711234949
14 9        0.765930089
14 6         1.04036525
14 7         1.04315871
14 21         1.14241069
14 5         1.15157659
14 22         1.20431478
14 29         1.23518967
14 47         1.27475574
14 28          1.3417029
14 48         1.35827554
14 24         1.47818516
14 25         1.63951186
14 23         1.68315924
14 2         1.70208128
14 1         1.77333142
14 4         1.78480362
14 31          1.7996094
14 46         1.85463097
14 30         1.87428882
14 45         1.93777178
14 94         1.97943175
14 49         2.05595363
14 27          2.1498504
14 40         2.16249941
14 50         2.18502386
14 38         2.22725762
14 35         2.33294869
14 3         2.39162407
14 52         2.40314229
15 13        0.160738935
15 12        0.191286487
15 8        0.222918389
15 11        0.276823328
15 9        0.281534487
15 10        0.472828646
15 14         0.54751401
15 20        0.576512446
15 21        0.608719982
15 7        0.618351658
15 5        0.629548098
15 6        0.637420033
15 22        0.683514859
15 19         0.73570179
15 18        0.767348208
15 24        0.961603684
15 29        0.962032879
15 28        0.964951053
15 16        0.978142493
15 47         1.03874594
15 25         1.10606447
15 17         1.18956164
15 23         1.20123266
15 48         1.30315328
15 4         1.31128838
15 2         1.33960256
15 1          1.3706413
15 46         1.58342651
15 27         1.60977076
15 31           1.635801
15 45         1.64954118
15 40         1.65375576
15 38         1.68950886
15 30         1.71132638
15 49          1.8792232
15 94          1.9377753
15 3         1.97524333
15 50         1.98618646
15 39         2.01614871
15 52         2.11635942
16 18         0.33871207
16 17        0.380148939
16 14        0.432640869
16 11        0.714302738
16 19         0.79333999
16 12        0.845607518
16 20        0.851629389
16 13        0.871107326
16 15        0.978142493
16 10        0.998984351
16 8         1.12531524
16 9         1.19562151
16 6         1.40514091
16 7         1.41712657
16 48         1.49587976
16 47         1.53688093
16 5         1.56472334
16 21         1.57486801
16 29         1.58770024
16 22         1.63521889
16 28         1.73025574
16 24         1.90751709
16 2         2.01451415
16 25           2.055248
16 94         2.06221528
16 31         2.06926839
16 23         2.10219748
16 46          2.1043298
16 1         2.10762335
16 30         2.14040083
16 4         2.16130426
16 45         2.19531976
16 49         2.23352135
16 50         2.37313914
16 35          2.5113317
16 40         2.55776168
16 27         2.58245854
16 38         2.64435974
16 52         2.64575598
16 51         2.65831446
17 16        0.380148939
17 14        0.669800228
17 18        0.705937929
17 11        0.912930788
17 12         1.01958986
17 13         1.05004072
17 10          1.0520612
17 19         1.16172001
17 15         1.18956164
17 20         1.19802754
17 9         1.34779201
17 8         1.37500473
17 29         1.56843479
17 6         1.70760498
17 7         1.71211992
17 21         1.73853661
17 28         1.75908145
17 22         1.78041672
17 5         1.81237275
17 48         1.87448004
17 47          1.8922269
17 31         1.93455784
17 30         1.99996585
17 24         2.03676067
17 23          2.1875322
17 35         2.28426141
17 25          2.2951566
17 2         2.35186015
17 1          2.4331536
17 94         2.44164982
17 4         2.45456378
17 46         2.46614145
17 45         2.55508083
17 49         2.61003287
17 33         2.61723376
17 36         2.64428245
17 32         2.71327814
17 27         2.73696767
17 50         2.74854719
17 40         2.82966891
18 14        0.321619141
18 16         0.33871207
18 19        0.456394608
18 20        0.517520765
18 11        0.554472736
18 12        0.690406894
18 17        0.705937929
18 13        0.706926477
18 15        0.767348208
18 8        0.865886741
18 10        0.944019007
18 9         1.02652114
18 6          1.0928989
18 7         1.11015369
18 48         1.17401687
18 47         1.19829876
18 5         1.29249316
18 21         1.37556996
18 22         1.45029964
18 29         1.55300037
18 28         1.64616293
18 2         1.67980911
18 24         1.72823724
18 94          1.7629019
18 46           1.765973
18 1         1.77751934
18 25         1.78102754
18 4         1.84864657
18 45         1.85672824
18 49         1.90535854
18 23         1.95626495
18 50         2.04310513
18 31         2.11980761
18 30         2.19425499
18 40         2.25658513
18 52         2.30826138
18 51         2.33105618
18 38         2.36847604
18 27         2.36932278
18 3         2.38958254
19 20        0.178590955
19 18        0.456394608
19 14        0.626236202
19 11        0.681391569
19 8        0.706330083
19 15         0.73570179
19 48        0.736060697
19 47        0.751993581
19 6         0.75716531
19 13        0.773306343
19 12        0.775590772
19 7         0.78930202
19 16         0.79333999
19 9         1.01501097
19 5         1.04739253
19 10         1.10719499
19 17         1.16172001
19 2          1.2517399
19 21         1.27041072
19 46         1.31178979
19 94         1.35321377
19 22         1.36405985
19 1         1.36449197
19 45          1.4037149
19 49         1.45453834
19 4         1.48298627
19 25         1.50550091
19 50         1.59025588
19 24         1.63291185
19 29         1.67878949
19 28         1.70055168
19 52         1.85241781
19 51         1.88053273
19 23         1.90304373
19 40         1.91114013
19 3         1.96494526
19 38         2.07427912
19 92         2.10253964
19 53         2.14071977
19 27         2.19124398
20 19        0.178590955
20 18        0.517520765
20 8        0.529036377
20 11        0.571177368
20 15        0.576512446
20 14        0.590049728
20 6        0.603365176
20 7        0.630466765
20 13        0.636422175
20 12        0.643930289
20 47        0.695469698
20 48        0.789844568
20 9         0.85104974
20 16        0.851629389
20 5        0.874050599
20 10         0.98238928
20 21         1.09307493
20 2         1.16299398
20 22         1.18755625
20 17         1.19802754
20 1         1.26042512
20 46          1.2732233
20 25          1.3399616
20 4         1.34779578
20 45         1.35981784
20 94         1.42523568
20 24         1.45522618
20 49         1.46703719
20 29         1.53287767
20 28         1.53957308
20 50          1.5951166
20 23         1.72735936
20 40         1.76809155
20 52         1.82087467
20 3         1.87208557
20 51         1.89051816
20 38          1.9149387
20 27         2.01445625
20 39         2.10019835
20 92         2.14962563
21 22        0.103077886
21 24         0.36313785
21 9        0.390747786
21 5        0.441263679
21 8        0.564106494
21 15        0.608719982
21 28        0.630087684
21 23        0.639940583
21 25        0.687830441
21 13        0.704826622
21 7        0.711869663
21 12        0.732005434
21 10        0.750128681
21 6         0.76015201
21 29        0.797186416
21 11        0.860572635
21 27         1.00796294
21 4          1.0673671
21 20         1.09307493
21 14         1.14241069
21 38         1.20321613
21 47          1.2511849
21 19         1.27041072
21 1         1.27107961
21 40          1.2753159
21 2         1.31587291
21 18         1.37556996
21 31         1.47206983
21 30         1.53937637
21 16         1.57486801
21 39         1.63539369
21 48          1.6468202
21 46         1.65996567
21 26          1.6665689
21 45         1.69526138
21 43         1.73248574
21 17         1.73853661
21 3         1.78515126
21 32         1.80664802
21 42         1.82186182
22 21        0.103077886
22 24        0.278093744
22 9        0.440203508
22 5        0.536486998
22 23        0.541048763
22 28        0.544289588
22 8        0.658809866
22 15        0.683514859
22 25        0.729155828
22 29        0.732285812
22 13        0.764447753
22 10        0.764746526
22 12        0.789618291
22 7        0.813969348
22 6        0.862469113
22 11        0.922419978
22 27        0.956798892
22 4         1.13298821
22 20         1.18755625
22 14         1.20431478
22 38          1.2106707
22 40         1.31141332
22 1         1.35243013
22 47         1.35307947
22 19         1.36405985
22 31         1.39329561
22 2         1.40416285
22 18         1.45029964
22 30         1.45895718
22 26         1.57197333
22 16         1.63521889
22 39         1.66660416
22 32         1.70618928
22 43         1.72319575
22 48         1.74989583
22 46         1.75360258
22 42         1.76815675
22 17         1.78041672
22 45         1.78645624
22 44         1.79464601
23 24        0.302265606
23 28        0.496247706
23 22        0.541048763
23 21        0.639940583
23 27        0.690234901
23 29        0.763453544
23 9         0.93002633
23 25        0.977345572
23 5         1.01833754
23 26         1.03586651
23 10         1.13557835
23 8         1.19928632
23 15         1.20123266
23 31         1.21072899
23 38         1.22568625
23 13         1.25149325
23 30         1.25728688
23 12         1.27128853
23 32          1.2744997
23 44          1.3128764
23 7         1.32361479
23 6         1.37350846
23 11         1.40850602
23 42          1.4144622
23 4         1.43860606
23 40          1.4595855
23 43         1.60748383
23 14         1.68315924
23 1         1.72453117
23 20         1.72735936
23 39         1.76530902
23 2         1.81232356
23 47         1.85395151
23 33         1.86132088
23 19         1.90304373
23 35         1.92081563
23 18         1.95626495
23 41         2.02732172
23 16         2.10219748
23 3          2.1150836
24 22        0.278093744
24 23        0.302265606
24 21         0.36313785
24 28        0.550711968
24 27        0.708854811
24 9        0.712278554
24 5        0.716183445
24 25        0.721420074
24 29        0.801510516
24 8        0.926634702
24 15        0.961603684
24 10        0.998700174
24 7         1.02289704
24 13         1.03849016
24 12         1.06255556
24 6         1.07287916
24 38         1.08262862
24 4         1.17397129
24 11         1.19692499
24 40         1.25663182
24 26          1.3066996
24 31          1.3800049
24 30         1.43694571
24 1         1.44273113
24 20         1.45522618
24 14         1.47818516
24 42         1.50983157
24 44         1.51657508
24 2         1.52195393
24 43         1.54506645
24 47         1.55180877
24 32         1.55622698
24 39         1.58976487
24 19         1.63291185
24 18         1.72823724
24 3          1.8712346
24 46         1.89203126
24 16         1.90751709
24 45         1.91225204
24 48          1.9720236
25 4        0.461962389
25 5        0.490707331
25 40        0.587938493
25 38        0.589168852
25 21        0.687830441
25 7        0.719020416
25 24        0.721420074
25 22        0.729155828
25 6        0.757164382
25 1        0.767565996
25 27        0.798249799
25 2        0.882515741
25 8        0.930327348
25 39        0.950231337
25 23        0.977345572
25 9         1.01260684
25 47         1.09975932
25 15         1.10606447
25 3         1.14993318
25 43         1.15934652
25 28         1.24140175
25 13         1.25308765
25 45         1.26675413
25 46         1.26812743
25 12         1.28455477
25 20          1.3399616
25 11         1.38229564
25 10         1.40652134
25 29         1.45737323
25 19         1.50550091
25 42         1.50610324
25 48         1.56009937
25 52         1.61516332
25 103         1.62278557
25 97         1.62506663
25 14         1.63951186
25 49         1.69370265
25 50         1.72396181
25 26         1.77007114
25 44         1.77507438
26 44        0.532246541
26 27         1.01998526
26 23         1.03586651
26 42         1.04542704
26 32         1.06049995
26 24          1.3066996
26 28          1.3891921
26 22         1.57197333
26 29         1.59249118
26 30         1.61155721
26 31         1.61444774
26 41         1.62621724
26 21          1.6665689
26 38         1.66991516
26 43         1.71168304
26 25         1.77007114
26 37         1.83021913
26 33         1.84967802
26 9         1.96208116
26 5         1.99076017
26 40          2.0203137
26 10          2.1151489
26 35         2.11905595
26 104         2.12505654
26 39         2.19280674
26 4          2.1959617
26 8         2.23025804
26 15         2.23631074
26 13         2.27840237
26 12         2.29604266
26 7         2.30542924
26 6         2.35520656
26 103         2.42669769
26 11         2.43310003
26 1         2.52647638
26 36         2.60141673
26 2         2.65156952
26 34          2.6539789
26 14         2.70115648
26 3         2.73784413
27 38        0.673604404
27 23        0.690234901
27 24        0.708854811
27 25        0.798249799
27 42        0.813970757
27 43        0.929660719
27 22        0.956798892
27 44        0.977989079
27 40         1.00668218
27 21         1.00796294
27 26         1.01998526
27 5         1.15111925
27 28         1.17582888
27 4         1.18801623
27 39         1.22276477
27 41         1.37866048
27 9         1.39433038
27 29         1.44442914
27 7         1.45046187
27 6         1.49645858
27 8         1.51464548
27 1         1.52358859
27 15         1.60977076
27 103          1.6293376
27 2         1.65933951
27 10         1.70677227
27 13         1.71278189
27 3         1.72298479
27 12         1.73979489
27 32         1.74596044
27 104         1.77747508
27 11         1.86829751
27 31         1.87606617
27 47         1.89183119
27 30         1.91449842
27 97         1.96616479
27 20         2.01445625
27 45          2.0281917
27 46         2.04276941
27 98         2.04971029
28 29        0.268685822
28 23        0.496247706
28 22        0.544289588
28 24        0.550711968
28 21        0.630087684
28 9        0.689117264
28 10        0.731488471
28 31        0.852337096
28 30        0.916209155
28 13        0.953764645
28 12        0.963615138
28 15        0.964951053
28 8         1.05385683
28 5         1.06992184
28 11         1.09465735
28 27         1.17582888
28 32         1.22498477
28 25         1.24140175
28 7         1.31623782
28 14          1.3417029
28 6         1.36126114
28 26          1.3891921
28 20         1.53957308
28 35          1.5757628
28 33         1.61421984
28 38         1.63191528
28 18         1.64616293
28 4         1.66940589
28 19         1.70055168
28 16         1.73025574
28 44         1.75662146
28 17         1.75908145
28 40         1.80056309
28 47         1.85071649
28 1         1.89671966
28 42         1.90863236
28 2         1.94585998
28 37         2.00035022
28 43          2.0711762
28 39         2.13909316
29 28        0.268685822
29 10        0.609039291
29 31        0.696829284
29 9        0.718977533
29 22        0.732285812
29 23        0.763453544
29 30        0.769532997
29 21        0.797186416
29 24        0.801510516
29 13        0.906432777
29 12        0.907476262
29 15        0.962032879
29 11         1.02337067
29 8         1.10112793
29 5         1.21548787
29 14         1.23518967
29 32          1.2463632
29 35         1.39744501
29 7         1.42019643
29 27         1.44442914
29 25         1.45737323
29 6         1.46059427
29 33         1.49829219
29 20         1.53287767
29 18         1.55300037
29 17         1.56843479
29 16         1.58770024
29 26         1.59249118
29 19         1.67878949
29 4         1.86313052
29 38         1.88339525
29 47         1.93683197
29 37         1.94049458
29 36         1.95267437
29 44          1.9934841
29 40          2.0309976
29 1         2.06256328
29 2         2.09415326
29 42         2.17218159
29 48         2.25605552
30 31       0.0760038405
30 35        0.667482487
30 33         0.73267781
30 32         0.76804156
30 29        0.769532997
30 28        0.916209155
30 37         1.21945011
30 36         1.23356587
30 23         1.25728688
30 10         1.29097472
30 24         1.43694571
30 22         1.45895718
30 9         1.48502503
30 21         1.53937637
30 26         1.61155721
30 12          1.6242914
30 13         1.63027139
30 15         1.71132638
30 11         1.71934122
30 8         1.86631451
30 14         1.87428882
30 27         1.91449842
30 5         1.97241948
30 34         1.98167682
30 17         1.99996585
30 44         2.12124172
30 16         2.14040083
30 25          2.1503715
30 7         2.18912665
30 18         2.19425499
30 6         2.22992079
30 20         2.26663606
30 19         2.39784938
30 42         2.47985597
30 38         2.48176739
30 4         2.58501755
30 40         2.69175471
30 47         2.70582274
30 1         2.81011784
30 43         2.84415892
31 30       0.0760038405
31 29        0.696829284
31 35        0.724819913
31 33        0.808041073
31 32        0.813413375
31 28        0.852337096
31 23         1.21072899
31 10          1.2150233
31 36          1.2905373
31 37         1.29437952
31 24          1.3800049
31 22         1.39329561
31 9         1.41086181
31 21         1.47206983
31 12         1.54828983
31 13          1.5542958
31 26         1.61444774
31 15           1.635801
31 11         1.64344379
31 8         1.79188041
31 14          1.7996094
31 27         1.87606617
31 5         1.90336468
31 17         1.93455784
31 34         2.05734429
31 16         2.06926839
31 25         2.09015217
31 7         2.11694226
31 44         2.11740033
31 18         2.11980761
31 6         2.15742293
31 20         2.19067019
31 19         2.32186268
31 38         2.43266181
31 42         2.46009923
31 4          2.5217422
31 47         2.63223444
31 40         2.63616194
31 1         2.74312915
31 2         2.78327683
32 30         0.76804156
32 33        0.789259087
32 31        0.813413375
32 37        0.876071658
32 26         1.06049995
32 35         1.09121632
32 28         1.22498477
32 29          1.2463632
32 23          1.2744997
32 36         1.54321272
32 24         1.55622698
32 44         1.59173344
32 22         1.70618928
32 34         1.74501192
32 27         1.74596044
32 21         1.80664802
32 10         1.85347725
32 9         1.91139042
32 42         2.07550467
32 13         2.14647768
32 12         2.15003696
32 15         2.18119309
32 5         2.23965344
32 25         2.25082209
32 11            2.26919
32 8         2.27869158
32 38         2.40493288
32 14         2.47694468
32 7         2.51719669
32 6         2.56463875
32 43          2.6243817
32 41         2.67976051
32 40         2.69407777
32 4         2.71258239
32 17         2.71327814
32 20         2.75770493
32 18         2.79679079
32 16         2.80244144
32 19         2.91275192
32 39         2.95916789
33 35         0.42910759
33 37        0.567543903
33 30         0.73267781
33 36         0.75752192
33 32        0.789259087
33 31        0.808041073
33 34         1.24995556
33 29         1.49829219
33 28         1.61421984
33 26         1.84967802
33 23         1.86132088
33 10         2.01670255
33 24         2.09155475
33 22         2.15692128
33 9         2.21619617
33 21         2.24428817
33 12         2.35277389
33 13         2.35990011
33 44         2.38098192
33 11          2.4429289
33 15         2.44382093
33 27         2.44428214
33 14         2.58014914
33 8         2.59794987
33 17         2.61723376
33 5         2.68325599
33 16         2.80807893
33 25         2.81295942
33 42         2.85468353
33 18         2.89611223
33 7         2.91327211
33 6         2.95525429
33 20         2.99623932
33 38         3.07079434
33 19         3.12358402
33 4         3.26225607
33 40         3.32090596
33 43         3.35559003
33 47         3.43483611
33 41          3.4654599
34 37        0.869081654
34 36         1.24482885
34 33         1.24995556
34 35         1.50911759
34 32         1.74501192
34 30         1.98167682
34 31         2.05734429
34 26          2.6539789
34 29         2.74172376
34 28         2.83370061
34 23         3.00165535
34 44         3.13087171
34 24         3.26475722
34 10         3.26585058
34 22         3.36729437
34 21         3.46013407
34 9         3.46069771
34 27         3.48476694
34 12         3.60248388
34 13         3.60980209
34 11         3.69098907
34 15         3.69291514
34 42         3.69657949
34 17         3.79154252
34 14         3.81852265
34 8         3.84284134
34 5         3.90138674
34 25         3.97736773
34 16          4.0185309
34 18         4.13067211
34 7         4.14634073
34 38         4.14862406
34 6         4.18981399
34 41         4.24076195
34 20         4.24609143
34 43         4.33359287
34 19         4.37212753
34 4         4.43649374
34 40         4.43836872
34 47         4.67405598
35 33         0.42910759
35 36        0.566144163
35 30        0.667482487
35 31        0.724819913
35 37         0.97690826
35 32         1.09121632
35 29         1.39744501
35 34         1.50911759
35 28          1.5757628
35 10         1.82393852
35 23         1.92081563
35 9         2.08648817
35 24         2.10393779
35 22         2.11347492
35 26         2.11905595
35 12         2.16277914
35 13         2.17504413
35 21         2.18849816
35 11         2.23461953
35 15         2.28092621
35 17         2.28426141
35 14         2.33294869
35 8          2.4593656
35 16          2.5113317
35 27         2.56388478
35 5         2.61288082
35 18         2.63812789
35 44         2.64911775
35 20         2.80265442
35 7         2.80751571
35 25         2.81492147
35 6          2.8451398
35 19         2.91295834
35 42         3.07149821
35 38         3.14641023
35 4         3.24450558
35 47         3.30621695
35 40         3.35919878
35 1         3.45842425
35 2         3.49148096
36 35        0.566144163
36 33         0.75752192
36 37         1.08579856
36 30         1.23356587
36 34         1.24482885
36 31          1.2905373
36 32         1.54321272
36 29         1.95267437
36 28         2.13993106
36 10         2.33528501
36 23         2.48441373
36 26         2.60141673
36 9         2.62498849
36 17         2.64428245
36 24         2.67005112
36 12          2.6702302
36 22         2.67501561
36 13          2.6854267
36 11         2.72901525
36 21         2.74764381
36 14         2.79489109
36 15          2.8022248
36 16         2.91744764
36 8         2.99071468
36 18         3.08501461
36 27         3.11872965
36 44         3.13352575
36 5         3.16705666
36 20         3.30018463
36 7         3.34988661
36 25         3.38015977
36 6         3.38568801
36 19         3.39724926
36 42          3.5901088
36 38         3.71006746
36 4         3.80728312
36 47         3.83664161
36 40         3.92531716
36 1         4.01522349
36 2         4.04328721
37 33        0.567543903
37 34        0.869081654
37 32        0.876071658
37 35         0.97690826
37 36         1.08579856
37 30         1.21945011
37 31         1.29437952
37 26         1.83021913
37 29         1.94049458
37 28         2.00035022
37 23         2.13649647
37 44         2.33332018
37 24         2.40529723
37 10         2.50450315
37 22         2.52277928
37 21         2.61857286
37 27         2.61871934
37 9         2.65414655
37 12         2.83233706
37 13         2.83576567
37 42         2.87514191
37 15         2.90226622
37 11         2.93350553
37 8         3.03464771
37 5         3.05904889
37 14         3.09370444
37 25         3.11345459
37 17         3.17285824
37 38         3.28053035
37 7         3.31650853
37 16         3.34725129
37 6         3.36160942
37 18         3.41344583
37 41         3.44620719
37 20          3.4695151
37 43         3.48015375
37 40         3.56933701
37 4         3.57378033
37 19         3.60789476
37 39         3.83471364
38 40        0.365728217
38 39        0.554241649
38 43        0.571588312
38 25        0.589168852
38 27        0.673604404
38 4        0.708556307
38 1         1.02802662
38 42         1.07407915
38 3         1.07467717
38 5         1.07986759
38 24         1.08262862
38 103         1.09108558
38 2          1.1885138
38 21         1.20321613
38 22          1.2106707
38 23         1.22568625
38 7          1.2854979
38 97         1.30100959
38 6         1.31737808
38 41         1.38538694
38 98         1.40156659
38 96         1.44643936
38 95          1.4587857
38 44         1.49996369
38 45         1.50472716
38 8         1.51924468
38 46         1.54286099
38 47         1.56588453
38 9          1.5684089
38 104         1.61748286
38 28         1.63191528
38 26         1.66991516
38 15         1.68950886
38 52         1.71405639
38 13         1.83187043
38 12         1.86302305
38 29         1.88339525
38 20          1.9149387
38 50         1.94905906
38 10         1.95083357
39 40        0.365262334
39 38        0.554241649
39 3        0.660355711
39 43        0.671967431
39 103         0.72133011
39 97         0.74684152
39 4         0.75243179
39 98        0.857858633
39 96        0.894074128
39 95        0.905821848
39 1        0.935999956
39 25        0.950231337
39 2         1.09612137
39 27         1.22276477
39 45         1.28927841
39 52         1.35348504
39 46         1.35734507
39 5         1.38743665
39 42         1.43571635
39 99         1.46422908
39 100         1.48285901
39 7         1.49023098
39 6         1.50584117
39 41         1.52919572
39 101         1.53156525
39 47         1.58543453
39 104         1.58911286
39 24         1.58976487
39 21         1.63539369
39 22         1.66660416
39 50         1.67610639
39 49         1.72773447
39 23         1.76530902
39 51         1.78787466
39 8         1.81434888
39 53         1.93969426
39 44         1.95415973
39 9         1.95765777
39 48         1.98625107
39 54         2.00041366
40 39        0.365262334
40 38        0.365728217
40 4        0.439322883
40 25        0.587938493
40 1        0.709629628
40 3        0.717532951
40 43        0.793783299
40 2        0.875276353
40 27         1.00668218
40 5         1.02436731
40 97         1.05461837
40 103         1.06833977
40 7         1.14657769
40 45          1.1582768
40 6         1.16679799
40 98         1.19614118
40 46         1.20491768
40 96         1.21227448
40 95         1.22095517
40 24         1.25663182
40 21          1.2753159
40 22         1.31141332
40 47         1.31301507
40 52         1.34844424
40 42         1.42478573
40 8          1.4551401
40 23          1.4595855
40 9         1.59253796
40 50         1.59389114
40 49           1.615107
40 100         1.63843836
40 15         1.65375576
40 41         1.66362153
40 101         1.67255222
40 99         1.71393845
40 48         1.74460806
40 51         1.76126509
40 20         1.76809155
40 28         1.80056309
40 13          1.8085207
41 104        0.499955223
41 42        0.632865958
41 43        0.875527944
41 44         1.11336931
41 103         1.22953569
41 27         1.37866048
41 38         1.38538694
41 39         1.52919572
41 26         1.62621724
41 40         1.66362153
41 98         1.89110829
41 25          1.9304431
41 97         1.95712251
41 96         2.01115395
41 23         2.02732172
41 95         2.03127077
41 4         2.08027321
41 24          2.0874985
41 3         2.18405293
41 22          2.3280945
41 21         2.36806077
41 1         2.37325024
41 5         2.40137543
41 110         2.42549001
41 108         2.42734487
